1.445385948937822003e+19 -1.032287208967323853e+19 0.000000000000000000e+00 -3.041206117707729408e+18 0.000000000000000000e+00 4.179282830842830720e+17 0.000000000000000000e+00 0.000000000000000000e+00 9.694377958922044160e+17 0.000000000000000000e+00 0.000000000000000000e+00 1.843135535150019840e+18 0.000000000000000000e+00 1.086006881916159360e+18 0.000000000000000000e+00 -1.492411148766750400e+17 0.000000000000000000e+00 0.000000000000000000e+00 -3.461837432848191360e+17 0.000000000000000000e+00 0.000000000000000000e+00 1.599734426847049280e+17 0.000000000000000000e+00 -4.396770468878335200e+16 0.000000000000000000e+00 0.000000000000000000e+00 -1.019886819077770240e+17 0.000000000000000000e+00 0.000000000000000000e+00 3.021062470078796500e+15 0.000000000000000000e+00 0.000000000000000000e+00 1.401547710814157800e+16 0.000000000000000000e+00 0.000000000000000000e+00 1.625534067205558200e+16 0.000000000000000000e+00 0.000000000000000000e+00
-1.032287208967327539e+19 2.962459145230456422e+19 -0.000000000000000000e+00 -1.067803119993438003e+19 -0.000000000000000000e+00 -3.868784862024599552e+18 -0.000000000000000000e+00 -0.000000000000000000e+00 1.433313062143212800e+18 -0.000000000000000000e+00 -0.000000000000000000e+00 -9.262507488783974400e+18 -0.000000000000000000e+00 1.472094072155776768e+18 -0.000000000000000000e+00 1.703238227591090176e+18 -0.000000000000000000e+00 -0.000000000000000000e+00 2.344034905987885440e+17 -0.000000000000000000e+00 -0.000000000000000000e+00 1.237623231696454400e+18 -0.000000000000000000e+00 2.212341612268634880e+17 -0.000000000000000000e+00 -0.000000000000000000e+00 -5.817242008038269440e+17 -0.000000000000000000e+00 -0.000000000000000000e+00 -5.377465213528070400e+16 -0.000000000000000000e+00 -0.000000000000000000e+00 -9.901038021776820800e+16 -0.000000000000000000e+00 -0.000000000000000000e+00 5.967649893514234400e+16 -0.000000000000000000e+00 -0.000000000000000000e+00
0.000000000000000000e+00 0.000000000000000000e+00 4.998503016274422170e+19 0.000000000000000000e+00 -2.623464220773460787e+19 0.000000000000000000e+00 -7.991380149475035136e+18 0.000000000000000000e+00 0.000000000000000000e+00 3.942480184352019968e+18 0.000000000000000000e+00 0.000000000000000000e+00 -1.526878014208094413e+19 0.000000000000000000e+00 2.731630646621668352e+18 0.000000000000000000e+00 2.626752494847322624e+18 0.000000000000000000e+00 0.000000000000000000e+00 2.211140203880688320e+17 0.000000000000000000e+00 0.000000000000000000e+00 2.772356460190763520e+18 0.000000000000000000e+00 7.470544099409660160e+17 0.000000000000000000e+00 0.000000000000000000e+00 -1.164750575760935168e+18 0.000000000000000000e+00 0.000000000000000000e+00 -2.968073788663351600e+16 0.000000000000000000e+00 0.000000000000000000e+00 -2.132456452932050560e+17 0.000000000000000000e+00 0.000000000000000000e+00 1.124268193893708320e+17 0.000000000000000000e+00
-3.041206117707702272e+18 -1.067803119993456026e+19 -0.000000000000000000e+00 2.686316862404531814e+19 -0.000000000000000000e+00 -1.210211830157590118e+19 -0.000000000000000000e+00 -0.000000000000000000e+00 -8.291338741367770880e+17 -0.000000000000000000e+00 -0.000000000000000000e+00 4.200907739079370752e+18 -0.000000000000000000e+00 -8.240892975602178048e+18 -0.000000000000000000e+00 4.135858041925361152e+18 -0.000000000000000000e+00 -0.000000000000000000e+00 -1.348524365320096640e+17 -0.000000000000000000e+00 -0.000000000000000000e+00 -2.792451676821884928e+18 -0.000000000000000000e+00 1.652309007408860928e+18 -0.000000000000000000e+00 -0.000000000000000000e+00 9.666414982734890240e+17 -0.000000000000000000e+00 -0.000000000000000000e+00 -1.743285999089868480e+17 -0.000000000000000000e+00 -0.000000000000000000e+00 -4.148899291475892480e+17 -0.000000000000000000e+00 -0.000000000000000000e+00 -2.438525270602654400e+16 -0.000000000000000000e+00 -0.000000000000000000e+00
-0.000000000000000000e+00 -0.000000000000000000e+00 -2.623464220773463245e+19 -0.000000000000000000e+00 5.528208679339062067e+19 -0.000000000000000000e+00 -2.496741454342560154e+19 -0.000000000000000000e+00 -0.000000000000000000e+00 -1.264711214464123904e+18 -0.000000000000000000e+00 -0.000000000000000000e+00 8.013818990843018240e+18 -0.000000000000000000e+00 -1.411449999054031258e+19 -0.000000000000000000e+00 7.529284753629619200e+18 -0.000000000000000000e+00 -0.000000000000000000e+00 -3.617997678227614720e+17 -0.000000000000000000e+00 -0.000000000000000000e+00 -5.841956952982071296e+18 -0.000000000000000000e+00 2.843764535127206400e+18 -0.000000000000000000e+00 -0.000000000000000000e+00 1.710115687774712832e+18 -0.000000000000000000e+00 -0.000000000000000000e+00 -9.273132711674561600e+16 -0.000000000000000000e+00 -0.000000000000000000e+00 -7.166873931900221440e+17 -0.000000000000000000e+00 -0.000000000000000000e+00 -3.606548483154350400e+16 -0.000000000000000000e+00
4.179282830842711040e+17 -3.868784862024467456e+18 -0.000000000000000000e+00 -1.210211830157596058e+19 -0.000000000000000000e+00 2.478354244336684237e+19 -0.000000000000000000e+00 -0.000000000000000000e+00 -1.046717214368415539e+19 -0.000000000000000000e+00 -0.000000000000000000e+00 1.328239504540835328e+18 -0.000000000000000000e+00 4.697245242641909760e+18 -0.000000000000000000e+00 -8.901756282125597696e+18 -0.000000000000000000e+00 -0.000000000000000000e+00 3.618067995686921728e+18 -0.000000000000000000e+00 -0.000000000000000000e+00 1.268565028961288960e+18 -0.000000000000000000e+00 -2.781019415094988288e+18 -0.000000000000000000e+00 -0.000000000000000000e+00 6.982849456524149760e+17 -0.000000000000000000e+00 -0.000000000000000000e+00 3.582163703342319360e+17 -0.000000000000000000e+00 -0.000000000000000000e+00 6.793984874347285760e+17 -0.000000000000000000e+00 -0.000000000000000000e+00 -3.514929501319631360e+17 -0.000000000000000000e+00 -0.000000000000000000e+00
-0.000000000000000000e+00 -0.000000000000000000e+00 -7.991380149474942976e+18 -0.000000000000000000e+00 -2.496741454342564659e+19 -0.000000000000000000e+00 5.152825241207140352e+19 -0.000000000000000000e+00 -0.000000000000000000e+00 -2.128982090716659302e+19 -0.000000000000000000e+00 -0.000000000000000000e+00 2.441103389091637760e+18 -0.000000000000000000e+00 8.471215023396175872e+18 -0.000000000000000000e+00 -1.576986444136581939e+19 -0.000000000000000000e+00 -0.000000000000000000e+00 6.275450584740189184e+18 -0.000000000000000000e+00 -0.000000000000000000e+00 2.638441662578052608e+18 -0.000000000000000000e+00 -5.538000308708333568e+18 -0.000000000000000000e+00 -0.000000000000000000e+00 1.537820326131186944e+18 -0.000000000000000000e+00 -0.000000000000000000e+00 1.913807784095335680e+17 -0.000000000000000000e+00 -0.000000000000000000e+00 1.390347169224953088e+18 -0.000000000000000000e+00 -0.000000000000000000e+00 -6.071170273638713600e+17 -0.000000000000000000e+00
0.000000000000000000e+00 0.000000000000000000e+00 0.000000000000000000e+00 0.000000000000000000e+00 0.000000000000000000e+00 0.000000000000000000e+00 0.000000000000000000e+00 6.689374165576947302e+19 0.000000000000000000e+00 0.000000000000000000e+00 -4.292899982161472717e+19 0.000000000000000000e+00 0.000000000000000000e+00 0.000000000000000000e+00 0.000000000000000000e+00 0.000000000000000000e+00 0.000000000000000000e+00 -1.694419219957800346e+19 0.000000000000000000e+00 0.000000000000000000e+00 1.087392042825504768e+19 0.000000000000000000e+00 0.000000000000000000e+00 0.000000000000000000e+00 0.000000000000000000e+00 -6.966694739046340608e+18 0.000000000000000000e+00 0.000000000000000000e+00 4.470870216062491136e+18 0.000000000000000000e+00 0.000000000000000000e+00 -5.352897134684100480e+17 0.000000000000000000e+00 0.000000000000000000e+00 1.982833347366420736e+18 0.000000000000000000e+00 0.000000000000000000e+00 -1.052026805080708224e+18
9.694377958922135040e+17 1.433313062143187968e+18 -0.000000000000000000e+00 -8.291338741367857920e+17 -0.000000000000000000e+00 -1.046717214368414310e+19 -0.000000000000000000e+00 -0.000000000000000000e+00 8.541036859945065472e+18 -0.000000000000000000e+00 -0.000000000000000000e+00 -6.354537319224199680e+17 -0.000000000000000000e+00 7.245159123175532800e+16 -0.000000000000000000e+00 3.768531902569415680e+18 -0.000000000000000000e+00 -0.000000000000000000e+00 -2.978696313457404928e+18 -0.000000000000000000e+00 -0.000000000000000000e+00 7.649854382125425600e+16 -0.000000000000000000e+00 1.092149726329452800e+18 -0.000000000000000000e+00 -0.000000000000000000e+00 -9.195157846602159360e+17 -0.000000000000000000e+00 -0.000000000000000000e+00 -1.515299339345452160e+17 -0.000000000000000000e+00 -0.000000000000000000e+00 -2.284824234274006720e+17 -0.000000000000000000e+00 -0.000000000000000000e+00 2.853385585674705600e+17 -0.000000000000000000e+00 -0.000000000000000000e+00
-0.000000000000000000e+00 -0.000000000000000000e+00 3.942480184351962112e+18 -0.000000000000000000e+00 -1.264711214464103680e+18 -0.000000000000000000e+00 -2.128982090716658483e+19 -0.000000000000000000e+00 -0.000000000000000000e+00 1.725557506362708173e+19 -0.000000000000000000e+00 -0.000000000000000000e+00 -1.204297825836851456e+18 -0.000000000000000000e+00 -3.029557840200102400e+16 -0.000000000000000000e+00 6.517981714839746560e+18 -0.000000000000000000e+00 -0.000000000000000000e+00 -5.158582941210223616e+18 -0.000000000000000000e+00 -0.000000000000000000e+00 1.336488707539628640e+17 -0.000000000000000000e+00 2.245113206393520640e+18 -0.000000000000000000e+00 -0.000000000000000000e+00 -1.859555381249689088e+18 -0.000000000000000000e+00 -0.000000000000000000e+00 -7.907239828023160000e+16 -0.000000000000000000e+00 -0.000000000000000000e+00 -5.430281977799909120e+17 -0.000000000000000000e+00 -0.000000000000000000e+00 4.920733473410487040e+17 -0.000000000000000000e+00
-0.000000000000000000e+00 -0.000000000000000000e+00 -0.000000000000000000e+00 -0.000000000000000000e+00 -0.000000000000000000e+00 -0.000000000000000000e+00 -0.000000000000000000e+00 -4.292899982161475174e+19 -0.000000000000000000e+00 -0.000000000000000000e+00 3.633142301001739469e+19 -0.000000000000000000e+00 -0.000000000000000000e+00 -0.000000000000000000e+00 -0.000000000000000000e+00 -0.000000000000000000e+00 -0.000000000000000000e+00 1.087392042825515213e+19 -0.000000000000000000e+00 -0.000000000000000000e+00 -9.202753488267632640e+18 -0.000000000000000000e+00 -0.000000000000000000e+00 -0.000000000000000000e+00 -0.000000000000000000e+00 4.470870216062542848e+18 -0.000000000000000000e+00 -0.000000000000000000e+00 -3.783761040732925952e+18 -0.000000000000000000e+00 -0.000000000000000000e+00 3.435217024074700160e+17 -0.000000000000000000e+00 -0.000000000000000000e+00 -1.342754106791617536e+18 -0.000000000000000000e+00 -0.000000000000000000e+00 8.903452452208869120e+17
1.843135535150053888e+18 -9.262507488784064512e+18 -0.000000000000000000e+00 4.200907739079274496e+18 -0.000000000000000000e+00 1.328239504540964864e+18 -0.000000000000000000e+00 -0.000000000000000000e+00 -6.354537319224499200e+17 -0.000000000000000000e+00 -0.000000000000000000e+00 1.163696908659461325e+19 -0.000000000000000000e+00 -1.055563702474703462e+19 -0.000000000000000000e+00 -3.337472508961788928e+18 -0.000000000000000000e+00 -0.000000000000000000e+00 1.596707034957003520e+18 -0.000000000000000000e+00 -0.000000000000000000e+00 2.393696162830132224e+18 -0.000000000000000000e+00 1.513673711879653888e+18 -0.000000000000000000e+00 -0.000000000000000000e+00 -7.241688007611319040e+17 -0.000000000000000000e+00 -0.000000000000000000e+00 2.392960457568944960e+17 -0.000000000000000000e+00 -0.000000000000000000e+00 -2.289670873220756480e+17 -0.000000000000000000e+00 -0.000000000000000000e+00 5.477099183872700800e+16 -0.000000000000000000e+00 -0.000000000000000000e+00
-0.000000000000000000e+00 -0.000000000000000000e+00 -1.526878014208097485e+19 -0.000000000000000000e+00 8.013818990842974208e+18 -0.000000000000000000e+00 2.441103389091735552e+18 -0.000000000000000000e+00 -0.000000000000000000e+00 -1.204297825836902400e+18 -0.000000000000000000e+00 -0.000000000000000000e+00 2.380262300411734016e+19 -0.000000000000000000e+00 -2.092412028291975578e+19 -0.000000000000000000e+00 -6.921944055285947392e+18 -0.000000000000000000e+00 -0.000000000000000000e+00 2.951489271049872896e+18 -0.000000000000000000e+00 -0.000000000000000000e+00 4.425175013494443520e+18 -0.000000000000000000e+00 2.983649236977063936e+18 -0.000000000000000000e+00 -0.000000000000000000e+00 -1.228746128191720192e+18 -0.000000000000000000e+00 -0.000000000000000000e+00 4.982500666905881600e+17 -0.000000000000000000e+00 -0.000000000000000000e+00 -4.175296886773253120e+17 -0.000000000000000000e+00 -0.000000000000000000e+00 8.471770745386955200e+16 -0.000000000000000000e+00
1.086006881916206336e+18 1.472094072155853312e+18 0.000000000000000000e+00 -8.240892975602136064e+18 0.000000000000000000e+00 4.697245242641703936e+18 0.000000000000000000e+00 0.000000000000000000e+00 7.245159123186128000e+16 0.000000000000000000e+00 0.000000000000000000e+00 -1.055563702474704077e+19 0.000000000000000000e+00 2.860409643622363955e+19 0.000000000000000000e+00 -9.305864613726957568e+18 0.000000000000000000e+00 0.000000000000000000e+00 -1.376621696616633600e+18 0.000000000000000000e+00 0.000000000000000000e+00 -1.080180250742932070e+19 0.000000000000000000e+00 1.491776933451963392e+18 0.000000000000000000e+00 0.000000000000000000e+00 1.929856245771502592e+18 0.000000000000000000e+00 0.000000000000000000e+00 1.551517042482414336e+18 0.000000000000000000e+00 0.000000000000000000e+00 -6.487122739536911360e+17 0.000000000000000000e+00 0.000000000000000000e+00 -4.476148905418916000e+16 0.000000000000000000e+00 0.000000000000000000e+00
0.000000000000000000e+00 0.000000000000000000e+00 2.731630646621772800e+18 0.000000000000000000e+00 -1.411449999054052147e+19 0.000000000000000000e+00 8.471215023396425728e+18 0.000000000000000000e+00 0.000000000000000000e+00 -3.029557840211893600e+16 0.000000000000000000e+00 0.000000000000000000e+00 -2.092412028291983770e+19 0.000000000000000000e+00 5.690027915766765158e+19 0.000000000000000000e+00 -1.848497426326635315e+19 0.000000000000000000e+00 0.000000000000000000e+00 -2.465865136017608704e+18 0.000000000000000000e+00 0.000000000000000000e+00 -2.072710425985655603e+19 0.000000000000000000e+00 2.319073890253023232e+18 0.000000000000000000e+00 0.000000000000000000e+00 3.447974781566335488e+18 0.000000000000000000e+00 0.000000000000000000e+00 3.088168734305960960e+18 0.000000000000000000e+00 0.000000000000000000e+00 -1.111705087279492352e+18 0.000000000000000000e+00 0.000000000000000000e+00 -7.725088284109872000e+16 0.000000000000000000e+00
-1.492411148768519680e+17 1.703238227591501568e+18 0.000000000000000000e+00 4.135858041925107200e+18 0.000000000000000000e+00 -8.901756282125369344e+18 0.000000000000000000e+00 0.000000000000000000e+00 3.768531902569267200e+18 0.000000000000000000e+00 0.000000000000000000e+00 -3.337472508961940992e+18 0.000000000000000000e+00 -9.305864613726765056e+18 0.000000000000000000e+00 2.271094954582812672e+19 0.000000000000000000e+00 0.000000000000000000e+00 -9.633527948447197184e+18 0.000000000000000000e+00 0.000000000000000000e+00 4.907081839376847872e+18 0.000000000000000000e+00 -8.531722577123759104e+18 0.000000000000000000e+00 0.000000000000000000e+00 3.523060741054314496e+18 0.000000000000000000e+00 0.000000000000000000e+00 -3.188110291479365120e+18 0.000000000000000000e+00 0.000000000000000000e+00 2.873859352299339776e+18 0.000000000000000000e+00 0.000000000000000000e+00 -6.451992944168238080e+17 0.000000000000000000e+00 0.000000000000000000e+00
0.000000000000000000e+00 0.000000000000000000e+00 2.626752494847186432e+18 0.000000000000000000e+00 7.529284753630020608e+18 0.000000000000000000e+00 -1.576986444136637030e+19 0.000000000000000000e+00 0.000000000000000000e+00 6.517981714840009728e+18 0.000000000000000000e+00 0.000000000000000000e+00 -6.921944055286022144e+18 0.000000000000000000e+00 -1.848497426326619750e+19 0.000000000000000000e+00 4.526407757552365568e+19 0.000000000000000000e+00 0.000000000000000000e+00 -1.870189361497837568e+19 0.000000000000000000e+00 0.000000000000000000e+00 9.239100066059182080e+18 0.000000000000000000e+00 -1.595878301347295642e+19 0.000000000000000000e+00 0.000000000000000000e+00 6.574603346735208448e+18 0.000000000000000000e+00 0.000000000000000000e+00 -6.367061775209827328e+18 0.000000000000000000e+00 0.000000000000000000e+00 5.293209824489212928e+18 0.000000000000000000e+00 0.000000000000000000e+00 -1.100006319639499392e+18 0.000000000000000000e+00
-0.000000000000000000e+00 -0.000000000000000000e+00 -0.000000000000000000e+00 -0.000000000000000000e+00 -0.000000000000000000e+00 -0.000000000000000000e+00 -0.000000000000000000e+00 -1.694419219957790515e+19 -0.000000000000000000e+00 -0.000000000000000000e+00 1.087392042825502925e+19 -0.000000000000000000e+00 -0.000000000000000000e+00 -0.000000000000000000e+00 -0.000000000000000000e+00 -0.000000000000000000e+00 -0.000000000000000000e+00 5.651280121024366182e+19 -0.000000000000000000e+00 -0.000000000000000000e+00 -3.626704042894953677e+19 -0.000000000000000000e+00 -0.000000000000000000e+00 -0.000000000000000000e+00 -0.000000000000000000e+00 -2.236395871733643264e+19 -0.000000000000000000e+00 -0.000000000000000000e+00 1.435205082005349990e+19 -0.000000000000000000e+00 -0.000000000000000000e+00 -8.483441891028382720e+18 -0.000000000000000000e+00 -0.000000000000000000e+00 8.141502575088506880e+18 -0.000000000000000000e+00 -0.000000000000000000e+00 -1.730965006770269184e+18
-3.461837432847661440e+17 2.344034905985237120e+17 0.000000000000000000e+00 -1.348524365317910240e+17 0.000000000000000000e+00 3.618067995686788608e+18 0.000000000000000000e+00 0.000000000000000000e+00 -2.978696313457337344e+18 0.000000000000000000e+00 0.000000000000000000e+00 1.596707034957100800e+18 0.000000000000000000e+00 -1.376621696616771328e+18 0.000000000000000000e+00 -9.633527948447135744e+18 0.000000000000000000e+00 0.000000000000000000e+00 7.744073029223190528e+18 0.000000000000000000e+00 0.000000000000000000e+00 2.959127885084066560e+17 0.000000000000000000e+00 4.358895932246810624e+18 0.000000000000000000e+00 0.000000000000000000e+00 -3.507318533386998784e+18 0.000000000000000000e+00 0.000000000000000000e+00 1.348609895725614336e+18 0.000000000000000000e+00 0.000000000000000000e+00 -1.739987692225633024e+18 0.000000000000000000e+00 0.000000000000000000e+00 5.237665124961413120e+17 0.000000000000000000e+00 0.000000000000000000e+00
0.000000000000000000e+00 0.000000000000000000e+00 2.211140203881694720e+17 0.000000000000000000e+00 -3.617997678229320960e+17 0.000000000000000000e+00 6.275450584740401152e+18 0.000000000000000000e+00 0.000000000000000000e+00 -5.158582941210328064e+18 0.000000000000000000e+00 0.000000000000000000e+00 2.951489271049966080e+18 0.000000000000000000e+00 -2.465865136017768960e+18 0.000000000000000000e+00 -1.870189361497836339e+19 0.000000000000000000e+00 0.000000000000000000e+00 1.503400193149065011e+19 0.000000000000000000e+00 0.000000000000000000e+00 5.465388267257787520e+17 0.000000000000000000e+00 8.047014188471733248e+18 0.000000000000000000e+00 0.000000000000000000e+00 -6.476830890175264768e+18 0.000000000000000000e+00 0.000000000000000000e+00 2.629773729395458560e+18 0.000000000000000000e+00 0.000000000000000000e+00 -3.238644225849775616e+18 0.000000000000000000e+00 0.000000000000000000e+00 8.951086644530520320e+17 0.000000000000000000e+00
0.000000000000000000e+00 0.000000000000000000e+00 0.000000000000000000e+00 0.000000000000000000e+00 0.000000000000000000e+00 0.000000000000000000e+00 0.000000000000000000e+00 1.087392042825501491e+19 0.000000000000000000e+00 0.000000000000000000e+00 -9.202753488267566080e+18 0.000000000000000000e+00 0.000000000000000000e+00 0.000000000000000000e+00 0.000000000000000000e+00 0.000000000000000000e+00 0.000000000000000000e+00 -3.626704042894956954e+19 0.000000000000000000e+00 0.000000000000000000e+00 3.069331204129615872e+19 0.000000000000000000e+00 0.000000000000000000e+00 0.000000000000000000e+00 0.000000000000000000e+00 1.435205082005351014e+19 0.000000000000000000e+00 0.000000000000000000e+00 -1.214634469872016179e+19 0.000000000000000000e+00 0.000000000000000000e+00 5.444241365667846144e+18 0.000000000000000000e+00 0.000000000000000000e+00 -6.338503892992449536e+18 0.000000000000000000e+00 0.000000000000000000e+00 1.464940299979790592e+18
1.599734426846077760e+17 1.237623231696835328e+18 -0.000000000000000000e+00 -2.792451676822227968e+18 -0.000000000000000000e+00 1.268565028961389312e+18 -0.000000000000000000e+00 -0.000000000000000000e+00 7.649854382124950400e+16 -0.000000000000000000e+00 -0.000000000000000000e+00 2.393696162829944832e+18 -0.000000000000000000e+00 -1.080180250742951117e+19 -0.000000000000000000e+00 4.907081839377513472e+18 -0.000000000000000000e+00 -0.000000000000000000e+00 2.959127885080688640e+17 -0.000000000000000000e+00 -0.000000000000000000e+00 1.218606388117801370e+19 -0.000000000000000000e+00 -1.107185818731450982e+19 -0.000000000000000000e+00 -0.000000000000000000e+00 -6.676685935590746880e+17 -0.000000000000000000e+00 -0.000000000000000000e+00 2.514881854290257920e+18 -0.000000000000000000e+00 -0.000000000000000000e+00 3.033108990770215680e+17 -0.000000000000000000e+00 -0.000000000000000000e+00 9.145310478533212000e+15 -0.000000000000000000e+00 -0.000000000000000000e+00
-0.000000000000000000e+00 -0.000000000000000000e+00 2.772356460190646272e+18 -0.000000000000000000e+00 -5.841956952981960704e+18 -0.000000000000000000e+00 2.638441662578079744e+18 -0.000000000000000000e+00 -0.000000000000000000e+00 1.336488707539176320e+17 -0.000000000000000000e+00 -0.000000000000000000e+00 4.425175013494514176e+18 -0.000000000000000000e+00 -2.072710425985684685e+19 -0.000000000000000000e+00 9.239100066059304960e+18 -0.000000000000000000e+00 -0.000000000000000000e+00 5.465388267258271360e+17 -0.000000000000000000e+00 -0.000000000000000000e+00 2.402712112941389824e+19 -0.000000000000000000e+00 -2.144593448949260288e+19 -0.000000000000000000e+00 -0.000000000000000000e+00 -1.251827190949531392e+18 -0.000000000000000000e+00 -0.000000000000000000e+00 4.784822040653654016e+18 -0.000000000000000000e+00 -0.000000000000000000e+00 5.594887354752630400e+17 -0.000000000000000000e+00 -0.000000000000000000e+00 1.606334871933609800e+16 -0.000000000000000000e+00
-4.396770468856054400e+16 2.212341612257930240e+17 0.000000000000000000e+00 1.652309007409497344e+18 0.000000000000000000e+00 -2.781019415094712320e+18 0.000000000000000000e+00 0.000000000000000000e+00 1.092149726329201536e+18 0.000000000000000000e+00 0.000000000000000000e+00 1.513673711879937024e+18 0.000000000000000000e+00 1.491776933452684032e+18 0.000000000000000000e+00 -8.531722577125140480e+18 0.000000000000000000e+00 0.000000000000000000e+00 4.358895932247488000e+18 0.000000000000000000e+00 0.000000000000000000e+00 -1.107185818731483136e+19 0.000000000000000000e+00 2.778059664581283021e+19 0.000000000000000000e+00 0.000000000000000000e+00 -9.320571473233717248e+18 0.000000000000000000e+00 0.000000000000000000e+00 -1.033533052101264179e+19 0.000000000000000000e+00 0.000000000000000000e+00 3.748718417159101440e+18 0.000000000000000000e+00 0.000000000000000000e+00 2.636439489714824960e+17 0.000000000000000000e+00 0.000000000000000000e+00
0.000000000000000000e+00 0.000000000000000000e+00 7.470544099411367680e+17 0.000000000000000000e+00 2.843764535127439872e+18 0.000000000000000000e+00 -5.538000308709118976e+18 0.000000000000000000e+00 0.000000000000000000e+00 2.245113206393927936e+18 0.000000000000000000e+00 0.000000000000000000e+00 2.983649236977300992e+18 0.000000000000000000e+00 2.319073890252922368e+18 0.000000000000000000e+00 -1.595878301347281101e+19 0.000000000000000000e+00 0.000000000000000000e+00 8.047014188471418880e+18 0.000000000000000000e+00 0.000000000000000000e+00 -2.144593448949279130e+19 0.000000000000000000e+00 5.378617780611579085e+19 0.000000000000000000e+00 0.000000000000000000e+00 -1.770319434162157158e+19 0.000000000000000000e+00 0.000000000000000000e+00 -1.973014414201096192e+19 0.000000000000000000e+00 0.000000000000000000e+00 6.995398826383257600e+18 0.000000000000000000e+00 0.000000000000000000e+00 4.765212120840137600e+17 0.000000000000000000e+00
-0.000000000000000000e+00 -0.000000000000000000e+00 -0.000000000000000000e+00 -0.000000000000000000e+00 -0.000000000000000000e+00 -0.000000000000000000e+00 -0.000000000000000000e+00 -6.966694739046611968e+18 -0.000000000000000000e+00 -0.000000000000000000e+00 4.470870216062765568e+18 -0.000000000000000000e+00 -0.000000000000000000e+00 -0.000000000000000000e+00 -0.000000000000000000e+00 -0.000000000000000000e+00 -0.000000000000000000e+00 -2.236395871733607629e+19 -0.000000000000000000e+00 -0.000000000000000000e+00 1.435205082005325005e+19 -0.000000000000000000e+00 -0.000000000000000000e+00 -0.000000000000000000e+00 -0.000000000000000000e+00 5.488333448418407219e+19 -0.000000000000000000e+00 -0.000000000000000000e+00 -3.522133159190607462e+19 -0.000000000000000000e+00 -0.000000000000000000e+00 -2.356334610175057920e+19 -0.000000000000000000e+00 -0.000000000000000000e+00 1.322123969755662950e+19 -0.000000000000000000e+00 -0.000000000000000000e+00 1.219655060808724480e+18
-1.019886819078176320e+17 -5.817242008034456320e+17 0.000000000000000000e+00 9.666414982733635840e+17 0.000000000000000000e+00 6.982849456521273600e+17 0.000000000000000000e+00 0.000000000000000000e+00 -9.195157846600432640e+17 0.000000000000000000e+00 0.000000000000000000e+00 -7.241688007611409920e+17 0.000000000000000000e+00 1.929856245771165696e+18 0.000000000000000000e+00 3.523060741054636032e+18 0.000000000000000000e+00 0.000000000000000000e+00 -3.507318533387145216e+18 0.000000000000000000e+00 0.000000000000000000e+00 -6.676685935589665280e+17 0.000000000000000000e+00 -9.320571473233651712e+18 0.000000000000000000e+00 0.000000000000000000e+00 7.830864736331094016e+18 0.000000000000000000e+00 0.000000000000000000e+00 4.371972027907586048e+18 0.000000000000000000e+00 0.000000000000000000e+00 -3.285480424851385856e+18 0.000000000000000000e+00 0.000000000000000000e+00 -2.140235937769378880e+17 0.000000000000000000e+00 0.000000000000000000e+00
0.000000000000000000e+00 0.000000000000000000e+00 -1.164750575761020160e+18 0.000000000000000000e+00 1.710115687774531584e+18 0.000000000000000000e+00 1.537820326131682560e+18 0.000000000000000000e+00 0.000000000000000000e+00 -1.859555381249929984e+18 0.000000000000000000e+00 0.000000000000000000e+00 -1.228746128191966464e+18 0.000000000000000000e+00 3.447974781566748672e+18 0.000000000000000000e+00 6.574603346735065088e+18 0.000000000000000000e+00 0.000000000000000000e+00 -6.476830890175161344e+18 0.000000000000000000e+00 0.000000000000000000e+00 -1.251827190949486080e+18 0.000000000000000000e+00 -1.770319434162181120e+19 0.000000000000000000e+00 0.000000000000000000e+00 1.488388302924112077e+19 0.000000000000000000e+00 0.000000000000000000e+00 8.149075931839832064e+18 0.000000000000000000e+00 0.000000000000000000e+00 -6.150818867767278592e+18 0.000000000000000000e+00 0.000000000000000000e+00 -3.873614036087249280e+17 0.000000000000000000e+00
0.000000000000000000e+00 0.000000000000000000e+00 0.000000000000000000e+00 0.000000000000000000e+00 0.000000000000000000e+00 0.000000000000000000e+00 0.000000000000000000e+00 4.470870216062780416e+18 0.000000000000000000e+00 0.000000000000000000e+00 -3.783761040733112320e+18 0.000000000000000000e+00 0.000000000000000000e+00 0.000000000000000000e+00 0.000000000000000000e+00 0.000000000000000000e+00 0.000000000000000000e+00 1.435205082005326643e+19 0.000000000000000000e+00 0.000000000000000000e+00 -1.214634469872001229e+19 0.000000000000000000e+00 0.000000000000000000e+00 0.000000000000000000e+00 0.000000000000000000e+00 -3.522133159190615245e+19 0.000000000000000000e+00 0.000000000000000000e+00 2.980831378226823578e+19 0.000000000000000000e+00 0.000000000000000000e+00 1.512175661819113677e+19 0.000000000000000000e+00 0.000000000000000000e+00 -1.157810260028191334e+19 0.000000000000000000e+00 0.000000000000000000e+00 -1.032211421758773120e+18
3.021062470006250000e+15 -5.377465213495052000e+16 -0.000000000000000000e+00 -1.743285999089355200e+17 -0.000000000000000000e+00 3.582163703335332480e+17 -0.000000000000000000e+00 -0.000000000000000000e+00 -1.515299339341391680e+17 -0.000000000000000000e+00 -0.000000000000000000e+00 2.392960457570230080e+17 -0.000000000000000000e+00 1.551517042481459968e+18 -0.000000000000000000e+00 -3.188110291478403584e+18 -0.000000000000000000e+00 -0.000000000000000000e+00 1.348609895725218304e+18 -0.000000000000000000e+00 -0.000000000000000000e+00 2.514881854290982400e+18 -0.000000000000000000e+00 -1.033533052101342618e+19 -0.000000000000000000e+00 -0.000000000000000000e+00 4.371972027907736576e+18 -0.000000000000000000e+00 -0.000000000000000000e+00 1.061869534709360026e+19 -0.000000000000000000e+00 -0.000000000000000000e+00 -8.983677674551241728e+18 -0.000000000000000000e+00 -0.000000000000000000e+00 1.900103118183917312e+18 -0.000000000000000000e+00 -0.000000000000000000e+00
-0.000000000000000000e+00 -0.000000000000000000e+00 -2.968073788647726800e+16 -0.000000000000000000e+00 -9.273132711751644800e+16 -0.000000000000000000e+00 1.913807784107568320e+17 -0.000000000000000000e+00 -0.000000000000000000e+00 -7.907239828078227200e+16 -0.000000000000000000e+00 -0.000000000000000000e+00 4.982500666903338880e+17 -0.000000000000000000e+00 3.088168734306494976e+18 -0.000000000000000000e+00 -6.367061775210412032e+18 -0.000000000000000000e+00 -0.000000000000000000e+00 2.629773729395827200e+18 -0.000000000000000000e+00 -0.000000000000000000e+00 4.784822040653664256e+18 -0.000000000000000000e+00 -1.973014414201094144e+19 -0.000000000000000000e+00 -0.000000000000000000e+00 8.149075931839712256e+18 -0.000000000000000000e+00 -0.000000000000000000e+00 2.033922000387366912e+19 -0.000000000000000000e+00 -0.000000000000000000e+00 -1.680127523104718438e+19 -0.000000000000000000e+00 -0.000000000000000000e+00 3.469685861341048832e+18 -0.000000000000000000e+00
-0.000000000000000000e+00 -0.000000000000000000e+00 -0.000000000000000000e+00 -0.000000000000000000e+00 -0.000000000000000000e+00 -0.000000000000000000e+00 -0.000000000000000000e+00 -5.352897134682643200e+17 -0.000000000000000000e+00 -0.000000000000000000e+00 3.435217024073955840e+17 -0.000000000000000000e+00 -0.000000000000000000e+00 -0.000000000000000000e+00 -0.000000000000000000e+00 -0.000000000000000000e+00 -0.000000000000000000e+00 -8.483441891028540416e+18 -0.000000000000000000e+00 -0.000000000000000000e+00 5.444241365667933184e+18 -0.000000000000000000e+00 -0.000000000000000000e+00 -0.000000000000000000e+00 -0.000000000000000000e+00 -2.356334610175061197e+19 -0.000000000000000000e+00 -0.000000000000000000e+00 1.512175661819114701e+19 -0.000000000000000000e+00 -0.000000000000000000e+00 3.459784094671817933e+19 -0.000000000000000000e+00 -0.000000000000000000e+00 -3.246261001687546675e+19 -0.000000000000000000e+00 -0.000000000000000000e+00 6.584009720869854208e+18
1.401547710812631800e+16 -9.901038021786486400e+16 0.000000000000000000e+00 -4.148899291479313920e+17 0.000000000000000000e+00 6.793984874355759360e+17 0.000000000000000000e+00 0.000000000000000000e+00 -2.284824234278382400e+17 0.000000000000000000e+00 0.000000000000000000e+00 -2.289670873223335040e+17 0.000000000000000000e+00 -6.487122739527650560e+17 0.000000000000000000e+00 2.873859352298696704e+18 0.000000000000000000e+00 0.000000000000000000e+00 -1.739987692225405952e+18 0.000000000000000000e+00 0.000000000000000000e+00 3.033108990763619200e+17 0.000000000000000000e+00 3.748718417159865856e+18 0.000000000000000000e+00 0.000000000000000000e+00 -3.285480424851528192e+18 0.000000000000000000e+00 0.000000000000000000e+00 -8.983677674551483392e+18 0.000000000000000000e+00 0.000000000000000000e+00 1.109306840423905075e+19 0.000000000000000000e+00 0.000000000000000000e+00 -3.084970464804628480e+18 0.000000000000000000e+00 0.000000000000000000e+00
0.000000000000000000e+00 0.000000000000000000e+00 -2.132456452932952960e+17 0.000000000000000000e+00 -7.166873931892449280e+17 0.000000000000000000e+00 1.390347169223765248e+18 0.000000000000000000e+00 0.000000000000000000e+00 -5.430281977794700160e+17 0.000000000000000000e+00 0.000000000000000000e+00 -4.175296886770956160e+17 0.000000000000000000e+00 -1.111705087280210816e+18 0.000000000000000000e+00 5.293209824489953280e+18 0.000000000000000000e+00 0.000000000000000000e+00 -3.238644225850132480e+18 0.000000000000000000e+00 0.000000000000000000e+00 5.594887354754180480e+17 0.000000000000000000e+00 6.995398826383070208e+18 0.000000000000000000e+00 0.000000000000000000e+00 -6.150818867767175168e+18 0.000000000000000000e+00 0.000000000000000000e+00 -1.680127523104713933e+19 0.000000000000000000e+00 0.000000000000000000e+00 2.060327008061046374e+19 0.000000000000000000e+00 0.000000000000000000e+00 -5.643558519523720192e+18 0.000000000000000000e+00
0.000000000000000000e+00 0.000000000000000000e+00 0.000000000000000000e+00 0.000000000000000000e+00 0.000000000000000000e+00 0.000000000000000000e+00 0.000000000000000000e+00 1.982833347366282496e+18 0.000000000000000000e+00 0.000000000000000000e+00 -1.342754106791532800e+18 0.000000000000000000e+00 0.000000000000000000e+00 0.000000000000000000e+00 0.000000000000000000e+00 0.000000000000000000e+00 0.000000000000000000e+00 8.141502575088518144e+18 0.000000000000000000e+00 0.000000000000000000e+00 -6.338503892992420864e+18 0.000000000000000000e+00 0.000000000000000000e+00 0.000000000000000000e+00 0.000000000000000000e+00 1.322123969755685069e+19 0.000000000000000000e+00 0.000000000000000000e+00 -1.157810260028208333e+19 0.000000000000000000e+00 0.000000000000000000e+00 -3.246261001687552000e+19 0.000000000000000000e+00 0.000000000000000000e+00 4.058179381907703398e+19 0.000000000000000000e+00 0.000000000000000000e+00 -1.110590929096546714e+19
1.625534067206589000e+16 5.967649893511789600e+16 -0.000000000000000000e+00 -2.438525270590197600e+16 -0.000000000000000000e+00 -3.514929501321816960e+17 -0.000000000000000000e+00 -0.000000000000000000e+00 2.853385585675776000e+17 -0.000000000000000000e+00 -0.000000000000000000e+00 5.477099183881096000e+16 -0.000000000000000000e+00 -4.476148905441587200e+16 -0.000000000000000000e+00 -6.451992944166937600e+17 -0.000000000000000000e+00 -0.000000000000000000e+00 5.237665124961010560e+17 -0.000000000000000000e+00 -0.000000000000000000e+00 9.145310478700400000e+15 -0.000000000000000000e+00 2.636439489712538880e+17 -0.000000000000000000e+00 -0.000000000000000000e+00 -2.140235937768872320e+17 -0.000000000000000000e+00 -0.000000000000000000e+00 1.900103118184029184e+18 -0.000000000000000000e+00 -0.000000000000000000e+00 -3.084970464804675584e+18 -0.000000000000000000e+00 -0.000000000000000000e+00 1.252174510640877056e+18 -0.000000000000000000e+00 -0.000000000000000000e+00
-0.000000000000000000e+00 -0.000000000000000000e+00 1.124268193894100480e+17 -0.000000000000000000e+00 -3.606548483174565600e+16 -0.000000000000000000e+00 -6.071170273635988480e+17 -0.000000000000000000e+00 -0.000000000000000000e+00 4.920733473409361920e+17 -0.000000000000000000e+00 -0.000000000000000000e+00 8.471770745383966400e+16 -0.000000000000000000e+00 -7.725088284094052800e+16 -0.000000000000000000e+00 -1.100006319639714176e+18 -0.000000000000000000e+00 -0.000000000000000000e+00 8.951086644531507200e+17 -0.000000000000000000e+00 -0.000000000000000000e+00 1.606334871927901400e+16 -0.000000000000000000e+00 4.765212120841277440e+17 -0.000000000000000000e+00 -0.000000000000000000e+00 -3.873614036087691520e+17 -0.000000000000000000e+00 -0.000000000000000000e+00 3.469685861341012992e+18 -0.000000000000000000e+00 -0.000000000000000000e+00 -5.643558519523705856e+18 -0.000000000000000000e+00 -0.000000000000000000e+00 2.294832131244135936e+18 -0.000000000000000000e+00
-0.000000000000000000e+00 -0.000000000000000000e+00 -0.000000000000000000e+00 -0.000000000000000000e+00 -0.000000000000000000e+00 -0.000000000000000000e+00 -0.000000000000000000e+00 -1.052026805080669568e+18 -0.000000000000000000e+00 -0.000000000000000000e+00 8.903452452208842240e+17 -0.000000000000000000e+00 -0.000000000000000000e+00 -0.000000000000000000e+00 -0.000000000000000000e+00 -0.000000000000000000e+00 -0.000000000000000000e+00 -1.730965006770225408e+18 -0.000000000000000000e+00 -0.000000000000000000e+00 1.464940299979746304e+18 -0.000000000000000000e+00 -0.000000000000000000e+00 -0.000000000000000000e+00 -0.000000000000000000e+00 1.219655060808640768e+18 -0.000000000000000000e+00 -0.000000000000000000e+00 -1.032211421758700416e+18 -0.000000000000000000e+00 -0.000000000000000000e+00 6.584009720869876736e+18 -0.000000000000000000e+00 -0.000000000000000000e+00 -1.110590929096549171e+19 -0.000000000000000000e+00 -0.000000000000000000e+00 4.683306751327287296e+18
